# Franck condon factor of D2 d3 - X1
# From INDC(NDS)-457 U. Fantz 2004, page 120, table 5.78
# https://inis.iaea.org/collection/NCLCollectionStore/_Public/37/088/37088524.pdf\
# https://doi.org/10.1016/j.adt.2006.05.001 newer source, in a paper
# here columns represent v', rows v'', or [d][X]
# fcf[v][vv] 0<=v<=14 0<=vv<=14

0.0393140   0.0950510   0.1339800   0.1452700   0.1350200   0.1137900   0.0898850   0.0680020   0.0500100   0.0361240   0.0258160   0.0183480   0.0130190   0.0092626   0.0066287
0.1620300   0.1898700   0.1063500   0.0286580	0.0004590   0.0087585   0.0293350   0.0468260   0.0559900   0.0574140   0.0536100   0.0470830   0.0396640   0.0325150   0.0261980   
0.2828700   0.0771350   0.0015656   0.0547980	0.0845230   0.0642880   0.0292620   0.0060935   0.0000355   0.0052995   0.0146370   0.0232070   0.0288840   0.0314080   0.0314030
0.2745900   0.0062746   0.1165900   0.0722610	0.0052800   0.0105510   0.0416680   0.0541290   0.0440910   0.0254500   0.0098588   0.0016563   0.0001025   0.0025760   0.0065882
0.1631500   0.1550000   0.0694340   0.0081185	0.0731290   0.0624130   0.0157370   0.0001750   0.0140330   0.0312770   0.0374900   0.0326490   0.0225760   0.0125890   0.0053638
0.0613040   0.2470900   0.0103580   0.1162500	0.0271130   0.0073497   0.0500210   0.0526120   0.0235170   0.0025746   0.0017868   0.0119450   0.0217290   0.0258800   0.0244910  
0.0144810   0.1627600   0.1765900   0.0254840	0.0490370   0.0769420   0.0132940   0.0052769   0.0341960   0.0429620   0.0277070   0.0092492   0.0004958   0.0016290   0.0073835 
0.0020549   0.0557850   0.2348300   0.0608680	0.0925630   0.0007362   0.0574900   0.0517500   0.0084171   0.0028539   0.0220130   0.0330600   0.0279970   0.0156770   0.0053243
0.0001568   0.0101930   0.1195000   0.2380600	0.0023746   0.1046100   0.0207600   0.0124520   0.0512800   0.0369870   0.0070378   0.0008743   0.0123200   0.0228270   0.0243590
0.0000048   0.0008994   0.0279280   0.1881400	0.1845800   0.0148490   0.0629810   0.0587440   0.0012654   0.0201890   0.0418390   0.0285970   0.0073736   0.0000051   0.0051151
0	    0.0000270   0.0027708   0.0559340	0.2441200   0.1123000   0.0570960   0.0178250   0.0677230   0.0224860   0.0006025   0.0211400   0.0331510   0.0236920   0.0086951
0	    0		0.0000726   0.0060065	0.0916270   0.2795700   0.0529770   0.0889940   0.0001388   0.0470910   0.0434490   0.0067182   0.0026400   0.0182600   0.0258290
0	    0		0.0000001   0.0001130	0.0100690   0.1304200   0.2982700   0.0184690   0.0961510   0.0077141   0.0201170   0.0452870   0.0229710   0.0016952   0.0032968
0	    0		0.0000001   0.0000024	0.0000854   0.0134050   0.1672400   0.3116300   0.0045206   0.0844730   0.0238230   0.0037887   0.0321570   0.0317670   0.0117200
0	    0		0	    0.0000001	0.0000151   0.0000031   0.0137220   0.1964800   0.3337900   0.0011763   0.0653770   0.0356580   0.0000322   0.0165110   0.0290270
